100
46 948 24
3 5 3
1000 1000 1
1 5 1
629052728 662836126 647083089
934 806 571
155 329 10
1 1 1000
113 537 49
512 512 256
857 105 64
21730730 953370363 853576287
851 439 162
2 5 2
589 46 1
5 4 3
172 211 112
513 538 81
2 2 4
4 2 2
1000000000 1000000000 1000000000
613 216 794
2 1 1
994157381 70753068 139236587
3045662 421257648 596648182
149312823 737523475 491885220
828 526 883
379910842 11023159 174566903
951532245 541066292 661369540
409 675 34
5 3 1
513 513 1
4 5 5
327 593 33
964 39 16
512 512 2
45 56 35
151 782 354
645480941 392419707 488324889
731937579 844574101 997507678
3 5 1
899 176 119
3 2 2
4 4 1
3 2 5
528880197 147522027 939099729
976 62 31
394 354 178
2 2 2
2 4 2
624 113 306
928 740 575
4 5 2
288 902 263
127 42 39
513 513 2
512 512 257
536870911 536870911 536870911
3 3 5
3 4 2
258 949 140
791 896 20
244 665 68
1 4 5
501 994 637
401 150 127
513 513 512
561 485 480
504 901 193
670 5 2
4 2 2
955579605 868999439 928265117
867 289 767
571 953 477
286 974 142
840 206 68
967871115 235671011 773813247
926 578 827
416 199 144
512 512 1
869 94 6
637 790 586
512 512 513
637 952 858
513 513 256
633 541 555
513 513 257
529686777 418493496 567894403
990933208 426569229 746160976
765 611 56
3 5 2
1 1 1
103 143 88
714 423 106
4 1 4
938 688 144
764 726 927
159087650 945000149 428363762
7 8 5
536870911 536870911 536870910
